------ Task 1 ------
How many people earn above 50? 9997.408715569443
How many people earn above 100? 648.812198824111
How many people earn above 200? 1.9644135291133322
How many people earn above 250? 0.028691422850644622
The differential privacy avg wage is -46.83054022088637.

------ Task 2 ------
Total diff laplace : 986167.3780298402
Total diff gauss : 36392029.011878595
cdf_v2:
[0, 5532, 5632, 5793, 6005, 6341, 6742, 7098, 7393, 8253, 8448, 9378, 9496, 10210, 10376, 10692, 11664, 12462, 12658, 13018, 13141, 14810, 15154, 15719, 15956, 17374, 18271, 18559, 18900, 19709, 20026, 22676, 23004, 25801, 26234, 26649, 30194, 31457, 36265, 37153, 37634, 53474, 53956, 55084, 55550, 56414, 57911, 58284, 58709, 59581, 59731, 61489, 61594, 61956, 62069, 62200, 62755, 62968, 63081, 63160, 63204, 64236, 64281, 64357, 64388, 64479, 64653, 64698, 64734, 64786, 64806, 65142, 65160, 65230, 65243, 65254, 65324, 65342, 65372, 65382, 65389, 65594, 65598, 65608, 65610, 65747, 65766, 65768, 65775, 65782, 65782, 65817, 65821, 65824, 65824, 65832, 65841, 65850, 65851] 


------ Task 3 ------
ED: (np.float64(2.879231366242557), 1e-05)

------ Task 4 ------
0     39598.888889
1       124.444444
2      2704.444444
3      1995.555556
4      2298.888889
5      1525.555556
6      1427.777778
7      2573.333333
8      2685.555556
9      2967.777778
10      331.111111
11     2373.333333
12      776.666667
13     2104.444444
14     1020.000000
15      430.000000
16     1674.444444
17     1494.444444
18     1823.333333
19      458.888889
20     3332.222222
21      846.666667
22      861.111111
23      270.000000
24     1870.000000
25      904.444444
26      496.666667
27      545.555556
28      341.111111
29      317.777778
30      800.000000
31     2308.888889
32     2520.000000
33     4764.444444
34     6493.333333
35     5467.777778
36     3388.888889
37      615.555556
38     2235.555556
39      692.222222
40     1147.777778
41      656.666667
42     1694.444444
43      558.888889
dtype: float64
Decoded Value: 776.6666666666667
Actual Value: 844

